00000000000000000000000000000000000000000000000000
00000000000000000000000000000000000000000000000000
00000000000000000000000000000000000000000000000000
00000000000000000000000000000000000000000000000000
00000000000000000000000000000000000000000000000000
00000000000000000000000000000000000000000000000000
00000000000000000000000000000000000000000000000000
00000000000000000000000000000000000000000000000000
00000000000000000000000000000000000000000000000000
00000000000000000000000000000000000000000000000000
00000000000000000000000000000000000000000000000000
00000000000000000000000000000000000000000000000000
00000000000000000000000000000000000000000000000000
00000000000000000000000000000000000000000000000000
00000000000000000000000000000000000000000000000000
00000000000000000000000000000000000000000000000000
00000000000000000000000000000000000000000000000000
00000000000000000000000000000000000000000000000000
00000000000000000000000000000000000000000000000000
00000000005000000000000060000000000000000000000000
00000000001000000000000010000000000000000000000000
00000000001000000000000010000000000000000000000000
00000000001000000000000010000000000000000000000000
01101111001000011011110010000000000000000000000000
10010000101100100100001010000000000000000000000000
10111001110010101110011100000000000000000000000000
10010010100010100100101000000000000000000000000000
10001110100010100011101000000000000000000000000000
01000001001010010000010000000000000000000000000000
00100011111100001000111000000000000000000000000000
00010001001010000100010000000000000000000000000000
11101110000001111011100000000000000000000000000000
10000000000000000000000000000000000000000000000000
10000000000000000000000000000000000000000000000000
10000000000000000000000000000000000000000000000000
10000000000000000000000000000000000000000000000000
01111111111111111111111111111111111111111111111110
30000000000000000000000000000000000000000000000001
20000000000000000000000000000000000000000000000001
10000000000000000000000000000000000000000000000001
10000000000000000000000000000000000000000000000001
10000000000000000000000000000000000000000000000001
10000000000000000000000000000000000000000000000001
10000000000000000000000000000000000000000000000001
10000000000000000000000000000000000000000000000001
10000000000000000000000000000000000000000000000001
10000000000000000000000000000000000000000000000001
10000000000000000000000000000000000000000000000001
10000000000000000000000000000000000000000000000001
01111111111111111111111111111111111111111111111111
