00000000000000000000000000000000000000000000000000
00000000000000000000000000000000000000000000000000
00000000000000000000000000000000000000000000000000
00000000000000000000000000000000000000000000000000
00000000000000000000000000000000000000000000000000
00000000000000000000000000000000000000000000000000
00000000000000000000000000000000000000000000000000
00000000000000000000000000000000000000000000000000
00000000000000000000000000000000000000000000000000
00000000000000000000000000000000000000000000000000
00000000000000000000000000000000000000000000000000
00000000000000000000000000000000000000000000000000
00000000000000000000000000000000000000000000000000
00000000000000000000000000000000000000000000000000
00000000000000000000000000000000000000000000000000
00000000000000000000000000000000000000000000000000
00000000000000000000000000000000000000000000000000
00000000000000000000000000000000000000000000000000
00000000000000000000000000000000000000000000000000
00000000000000000000000000000000000000000000000000
00000000000000000000000000000000000011011000000000
00000000000000000000000000000000000100100100000000
00000000000000000000000000000000000101110010000000
00000000000000000000000000000000000100100001000000
00000000000000000000000000110110000100011000100000
00000000000000000000000001001001000101100100100000
00000000000000000000000001011100101011010100100000
00000000000000011000000001001000010001011000100000
00000000000000100101100001000110001000110000100000
00000000000000101110010001011001000100001000100000
00000000000000100100001010110101000010011100100000
00001101110000100011000100010110000001001000100000
00010010001000101100100010001100000000110100100000
00010111000101011010100001000010000000000100100000
00010010000010001011000000100111000111111110100000
00010001100001000110000000010010001000000100100000
00010110010000100001000000001101001000000011000000
00101101010000010011100000000001001000000000000000
01000101100000001001000011111111101000000000000000
10100011000000000110100100000001001000000000000000
10010000100000000000100100000000110000000000000000
10001001110001111111110100000000000000000000000000
03000100100010000000100100000000000000000000000000
00200011010010000000011000000000000000000000000000
00010000010010000000000000000000000000000000000000
00001111111010000000000000000000000000000000000000
00000000010010000000000000000000000000000000000000
00000000001100000000000000000000000000000000000000
00000000000000000000000000000000000000000000000000
00000000000000000000000000000000000000000000000000
